F:/Temp/ImagesLeetSass/neg0001.png 266,236,306,330,0 408,233,457,333,0 339,239,366,290,0 305,244,333,303,0
F:/Temp/ImagesLeetSass/neg0002.png 433,239,474,340,0 382,243,408,312,0 360,247,382,295,0 282,244,337,346,0 249,243,291,326,0
F:/Temp/ImagesLeetSass/neg0003.png 140,236,216,337,0 251,243,281,302,0 260,234,340,376,0 425,236,475,347,0
F:/Temp/ImagesLeetSass/neg0004.png 116,230,218,396,0 224,239,269,315,0 319,236,368,335,0 378,218,506,489,0 544,226,611,384,0 80,232,131,345,0
F:/Temp/ImagesLeetSass/neg0005.png 10,212,92,398,0 171,189,352,538,0 382,214,450,358,0
F:/Temp/ImagesLeetSass/neg0006.png 463,192,541,359,0 163,196,254,350,0 1,163,128,590,0
F:/Temp/ImagesLeetSass/neg0007.png 130,189,253,371,0 418,176,566,500,0 599,198,643,289,0 700,195,811,363,0
F:/Temp/ImagesLeetSass/neg0008.png 274,264,337,311,0 456,235,502,337,0 542,222,581,298,0 564,276,670,489,0 664,250,751,378,0 670,235,716,291,0
F:/Temp/ImagesLeetSass/neg0009.png 348,203,451,406,0 440,214,482,317,0
F:/Temp/ImagesLeetSass/neg0010.png 268,195,322,312,0 377,178,497,424,0 482,198,543,316,0
F:/Temp/ImagesLeetSass/neg0011.png 246,247,300,371,0 364,221,404,306,0 478,229,518,286,0 481,253,545,376,0 338,330,476,598,0
F:/Temp/ImagesLeetSass/neg0012.png 328,148,390,306,0 480,92,729,626,0 465,162,508,253,0 677,142,753,225,0
F:/Temp/ImagesLeetSass/neg0013.png 223,169,311,347,0 323,139,384,237,0 474,135,518,241,0 528,159,625,323,0 617,312,816,560,0
F:/Temp/ImagesLeetSass/neg0014.png 160,93,289,344,0 250,119,313,237,0 411,121,467,236,0 510,112,616,293,0
F:/Temp/ImagesLeetSass/neg0015.png 272,59,516,530,0 693,152,816,353,0 472,123,543,254,0 269,124,358,275,0
F:/Temp/ImagesLeetSass/neg0016.png 169,148,257,289,0 311,159,363,259,0 447,129,549,335,0 754,154,816,302,0
F:/Temp/ImagesLeetSass/neg0017.png 230,187,278,286,0 302,189,338,264,0 443,184,487,290,0 432,186,461,262,0 591,187,628,277,0 680,179,771,317,0
F:/Temp/ImagesLeetSass/neg0018.png 187,224,229,298,0 255,217,298,281,0 336,222,376,315,0 369,215,396,291,0 487,219,516,295,0 506,229,563,331,0
F:/Temp/ImagesLeetSass/neg0019.png 175,212,223,283,0 260,204,292,265,0 301,217,338,296,0 354,206,383,271,0 443,229,494,330,0 461,212,499,275,0
F:/Temp/ImagesLeetSass/neg0020.png 179,191,218,260,0 260,189,293,248,0 302,192,342,274,0 354,189,387,253,0 451,197,502,300,0
F:/Temp/ImagesLeetSass/neg0021.png 234,215,271,270,0 301,210,331,261,0 353,222,389,289,0 387,206,415,268,0 495,226,540,312,0 493,212,520,249,0
F:/Temp/ImagesLeetSass/neg0022.png 277,236,308,291,0 324,225,350,278,0 391,242,422,308,0 411,222,435,277,0 510,231,531,285,0 525,242,561,320,0
F:/Temp/ImagesLeetSass/neg0023.png 302,177,331,225,0 383,189,409,250,0 472,178,492,225,0 493,195,525,256,0 386,173,407,206,0
F:/Temp/ImagesLeetSass/neg0024.png 325,183,343,224,0 389,196,415,245,0 390,187,413,203,0 466,186,486,227,0 481,199,505,245,0
F:/Temp/ImagesLeetSass/neg0025.png 334,227,357,265,0 363,220,384,259,0 413,230,431,274,0 427,221,443,258,0 492,240,512,284,0 492,227,513,253,0
F:/Temp/ImagesLeetSass/neg0027.png 325,228,348,272,0 357,219,377,259,0 410,230,434,280,0 424,219,441,261,0 500,234,531,287,0 497,229,518,268,0
F:/Temp/ImagesLeetSass/neg0028.png 265,234,291,284,0 305,225,327,266,0 367,236,390,298,0 381,224,400,266,0 469,241,499,304,0 460,230,486,270,0
F:/Temp/ImagesLeetSass/neg0029.png 267,232,291,282,0 315,223,339,269,0 364,239,385,293,0 386,224,410,273,0 466,246,500,311,0 472,234,497,263,0
F:/Temp/ImagesLeetSass/neg0030.png 262,236,290,291,0 318,226,347,272,0 360,247,388,311,0 399,228,416,282,0 476,266,512,337,0 490,244,513,275,0
F:/Temp/ImagesLeetSass/neg0031.png 217,232,254,295,0 286,220,317,275,0 312,251,348,321,0 376,230,405,288,0 435,280,484,370,0 474,243,500,304,0
F:/Temp/ImagesLeetSass/neg0032.png 135,219,178,287,0 212,243,253,326,0 232,208,265,269,0 308,218,343,284,0 313,286,377,391,0 399,241,437,320,0
F:/Temp/ImagesLeetSass/neg0033.png 319,197,343,239,0 331,220,361,287,0 347,268,393,334,0 397,196,426,246,0 439,207,472,274,0 482,242,523,287,0
F:/Temp/ImagesLeetSass/neg0034.png 390,209,422,280,0 345,257,393,313,0 412,185,442,238,0 495,186,522,245,0 520,203,558,254,0 518,242,567,295,0
F:/Temp/ImagesLeetSass/neg0035.png 318,259,361,318,0 370,210,399,284,0 399,187,424,240,0 479,186,506,246,0 493,243,522,293,0
F:/Temp/ImagesLeetSass/neg0036.png 322,266,371,360,0 383,206,413,285,0 411,174,441,234,0 501,177,528,236,0 529,199,570,257,0 528,255,578,326,0
F:/Temp/ImagesLeetSass/neg0037.png 352,266,424,390,0 102,282,169,348,0 269,206,305,286,0 339,165,379,230,0 432,205,470,284,0 439,170,464,214,0
F:/Temp/ImagesLeetSass/neg0038.png 126,306,212,420,0 309,228,354,320,0 370,310,453,449,0 401,193,431,259,0 499,202,526,244,0 478,243,522,332,0
F:/Temp/ImagesLeetSass/neg0039.png 8,139,110,339,0 332,123,448,349,0 496,129,554,257,0 284,139,341,258,0
F:/Temp/ImagesLeetSass/neg0040.png 160,133,361,531,0 298,158,356,302,0 462,169,504,264,0 542,158,633,337,0
F:/Temp/ImagesLeetSass/neg0041.png 147,149,258,338,0 432,130,587,443,0 613,162,704,326,0
F:/Temp/ImagesLeetSass/neg0042.png 1,136,109,328,0 403,136,467,295,0 508,116,626,432,0
F:/Temp/ImagesLeetSass/neg0043.png 81,145,164,278,0 164,135,301,437,0 346,145,407,306,0
F:/Temp/ImagesLeetSass/neg0044.png 332,144,385,281,0 111,137,195,314,0 220,147,273,240,0 10,140,99,266,0
F:/Temp/ImagesLeetSass/neg0045.png 240,166,290,277,0 291,168,319,228,0 403,164,452,279,0 387,168,413,228,0
F:/Temp/ImagesLeetSass/neg0046.png 258,173,291,268,0 303,182,337,252,0 357,181,380,234,0 370,181,412,271,0 426,184,448,252,0 447,186,471,237,0
F:/Temp/ImagesLeetSass/neg0047.png 338,189,366,245,0 381,192,402,236,0 408,186,441,257,0
F:/Temp/ImagesLeetSass/neg0048.png 379,216,401,268,0 405,212,427,253,0 439,223,466,280,0 483,216,500,261,0
F:/Temp/ImagesLeetSass/neg0051.png 374,224,401,269,0 408,218,426,256,0 430,230,452,275,0 450,217,464,251,0
F:/Temp/ImagesLeetSass/neg0052.png 353,195,379,245,0 393,195,412,234,0 406,194,432,251,0
F:/Temp/ImagesLeetSass/neg0053.png 332,197,361,253,0 372,199,395,244,0 405,199,435,262,0
F:/Temp/ImagesLeetSass/neg0054.png 361,198,389,267,0 387,198,414,253,0 431,200,451,246,0 457,197,494,274,0 492,199,514,258,0 510,200,527,243,0
F:/Temp/ImagesLeetSass/neg0055.png 349,244,381,324,0 469,244,508,331,0 382,224,403,274,0 351,229,377,262,0 461,230,485,287,0
F:/Temp/ImagesLeetSass/neg0056.png 354,234,393,332,0 321,226,354,292,0 437,223,464,288,0 488,230,524,322,0 416,220,437,268,0
F:/Temp/ImagesLeetSass/neg0057.png 537,200,588,296,0 458,207,488,273,0 396,202,449,305,0 344,203,384,281,0
F:/Temp/ImagesLeetSass/neg0058.png 315,249,361,329,0 312,239,337,301,0 393,238,418,287,0 441,240,469,309,0 532,255,578,360,0 388,262,444,376,0
F:/Temp/ImagesLeetSass/neg0059.png 322,209,379,302,0 401,212,431,268,0 587,205,656,330,0 402,202,487,343,0 458,212,492,287,0 314,220,339,278,0
F:/Temp/ImagesLeetSass/neg0060.png 276,257,312,341,0 376,251,416,316,0 296,282,362,407,0 452,261,494,350,0 658,301,751,462,0 460,334,583,553,0
F:/Temp/ImagesLeetSass/neg0061.png 208,203,258,320,0 254,194,360,391,0 453,198,506,320,0 341,206,381,288,0 699,206,816,555,0
F:/Temp/ImagesLeetSass/neg0062.png 224,199,284,348,0 342,174,479,489,0 537,192,600,349,0
F:/Temp/ImagesLeetSass/neg0063.png 172,241,273,455,0 316,195,384,311,0 568,212,642,374,0 631,428,815,638,0
F:/Temp/ImagesLeetSass/neg0064.png 70,180,200,361,0 445,178,514,349,0 756,192,816,328,0
F:/Temp/ImagesLeetSass/neg0065.png 279,202,402,430,0
F:/Temp/ImagesLeetSass/neg0066.png 133,228,181,311,0 220,228,257,291,0 307,228,341,319,0 339,227,364,295,0 460,224,490,299,0 488,225,538,331,0
F:/Temp/ImagesLeetSass/neg0067.png 320,278,343,327,0 272,283,304,345,0 410,290,436,357,0 411,276,439,313,0 514,282,539,337,0 549,290,582,374,0
F:/Temp/ImagesLeetSass/neg0068.png 441,286,463,336,0 454,299,483,364,0 547,289,563,340,0 589,307,623,374,0
F:/Temp/ImagesLeetSass/neg0069.png 314,283,335,332,0 354,273,373,316,0 419,288,447,349,0 433,272,456,312,0 526,282,546,329,0 539,299,572,364,0
F:/Temp/ImagesLeetSass/neg0070.png 293,286,318,337,0 344,276,366,320,0 414,279,437,326,0 384,301,407,357,0 489,324,524,386,0 500,296,519,332,0
F:/Temp/ImagesLeetSass/neg0071.png 316,257,342,309,0 376,249,395,292,0 408,269,433,334,0 451,254,474,309,0 543,272,571,307,0 522,301,565,374,0
F:/Temp/ImagesLeetSass/neg0072.png 263,258,293,317,0 334,247,359,297,0 353,276,381,351,0 414,257,439,317,0 514,275,543,321,0 470,308,520,404,0
F:/Temp/ImagesLeetSass/neg0073.png 225,251,266,316,0 318,239,347,300,0 283,280,322,364,0 372,337,435,458,0 389,256,422,325,0 481,290,523,375,0
F:/Temp/ImagesLeetSass/neg0074.png 274,341,342,468,0 296,255,342,337,0 307,214,336,259,0 397,212,430,275,0 438,232,481,314,0 485,294,539,385,0
F:/Temp/ImagesLeetSass/neg0075.png 105,269,220,399,0 436,270,505,418,0 317,152,366,264,0 406,105,449,188,0 520,114,552,201,0 514,162,574,272,0
F:/Temp/ImagesLeetSass/neg0076.png 79,150,341,589,0 299,172,368,314,0 484,172,535,264,0 562,153,665,345,0 633,175,690,285,0
F:/Temp/ImagesLeetSass/neg0077.png 334,64,412,222,0 477,119,580,339,0 1,386,224,619,0
F:/Temp/ImagesLeetSass/neg0078.png 197,28,397,361,0
F:/Temp/ImagesLeetSass/neg0080.png 206,230,269,375,0 484,245,522,326,0 426,249,452,305,0 451,249,471,289,0
F:/Temp/ImagesLeetSass/neg0081.png 89,234,167,410,0 499,249,525,314,0 522,245,565,355,0 560,249,578,296,0
F:/Temp/ImagesLeetSass/neg0082.png 373,247,405,334,0 406,247,424,300,0 472,234,535,397,0
F:/Temp/ImagesLeetSass/neg0083.png 337,247,360,305,0 361,238,403,345,0 668,218,813,463,0
F:/Temp/ImagesLeetSass/neg0084.png 106,237,161,320,0 280,232,347,389,0
F:/Temp/ImagesLeetSass/neg0085.png 150,203,283,471,0 533,226,587,343,0
F:/Temp/ImagesLeetSass/neg0086.png 476,228,539,399,0 589,237,633,330,0
F:/Temp/ImagesLeetSass/neg0087.png 141,222,227,422,0 637,234,689,351,0 683,239,718,315,0
F:/Temp/ImagesLeetSass/neg0088.png 37,191,206,601,0 603,242,636,314,0 624,236,674,355,0 734,247,749,283,0 748,246,758,277,0 788,248,809,309,0
F:/Temp/ImagesLeetSass/neg0089.png 1,111,183,537,0 408,250,439,312,0 458,244,491,349,0 525,251,549,298,0
F:/Temp/ImagesLeetSass/neg0090.png 362,250,400,330,0 435,232,493,409,0 503,253,529,312,0
F:/Temp/ImagesLeetSass/neg0091.png 271,255,331,376,0 418,259,451,322,0 552,227,743,627,0 314,263,328,297,0
F:/Temp/ImagesLeetSass/neg0092.png 140,240,248,510,0 264,262,281,310,0 407,255,452,350,0
F:/Temp/ImagesLeetSass/neg0093.png 352,264,371,308,0 531,242,612,411,0
F:/Temp/ImagesLeetSass/neg0094.png 361,268,381,318,0 375,265,388,309,0
F:/Temp/ImagesLeetSass/neg0095.png 364,266,395,329,0
F:/Temp/ImagesLeetSass/neg0096.png 347,251,391,366,0 410,253,439,334,0
F:/Temp/ImagesLeetSass/neg0097.png 339,244,402,412,0 525,251,560,348,0
F:/Temp/ImagesLeetSass/neg0098.png 372,245,423,395,0
F:/Temp/ImagesLeetSass/neg0099.png 399,203,531,476,0
F:/Temp/ImagesLeetSass/neg0100.png 52,160,291,574,0
F:/Temp/ImagesLeetSass/neg0101.png 385,188,436,329,0 508,202,529,249,0 585,207,599,239,0 610,205,628,246,0
F:/Temp/ImagesLeetSass/neg0102.png 1,213,127,506,0 415,230,434,285,0 500,235,518,270,0 524,236,539,276,0
F:/Temp/ImagesLeetSass/neg0103.png 381,229,402,288,0 480,234,497,270,0 504,233,531,282,0
F:/Temp/ImagesLeetSass/neg0104.png 324,226,356,306,0 467,233,488,277,0 497,231,525,290,0
F:/Temp/ImagesLeetSass/neg0105.png 357,223,399,342,0 482,234,501,290,0 498,234,511,269,0 548,233,579,303,0
F:/Temp/ImagesLeetSass/neg0106.png 502,207,570,393,0 635,226,690,317,0 499,232,520,268,0
F:/Temp/ImagesLeetSass/neg0107.png 400,222,442,301,0 476,187,578,398,0
F:/Temp/ImagesLeetSass/neg0108.png 311,232,331,278,0 347,232,383,303,0 536,224,587,343,0 647,161,812,630,0
F:/Temp/ImagesLeetSass/neg0109.png 308,234,333,291,0 371,227,416,328,0 661,216,811,380,0
F:/Temp/ImagesLeetSass/neg0110.png 279,239,312,310,0 440,233,503,378,0
F:/Temp/ImagesLeetSass/neg0111.png 254,295,301,384,0 616,349,739,528,0
F:/Temp/ImagesLeetSass/neg0112.png 1,235,60,380,0 541,228,607,366,0 689,224,739,315,0
F:/Temp/ImagesLeetSass/neg0113.png 178,241,248,402,0 636,239,689,351,0 705,236,745,311,0
F:/Temp/ImagesLeetSass/neg0114.png 364,229,399,325,0 395,232,414,292,0 517,239,529,266,0 531,234,552,286,0
F:/Temp/ImagesLeetSass/neg0115.png 352,236,401,378,0 508,241,533,300,0 473,243,485,274,0 483,243,490,267,0
F:/Temp/ImagesLeetSass/neg0116.png 315,240,354,337,0 366,247,379,277,0 452,242,479,305,0 476,224,568,443,0
F:/Temp/ImagesLeetSass/neg0117.png 228,232,289,366,0 361,232,392,309,0 609,209,797,564,0
F:/Temp/ImagesLeetSass/neg0118.png 435,215,488,300,0 404,211,436,313,0
F:/Temp/ImagesLeetSass/neg0119.png 410,221,445,307,0 446,221,481,296,0
F:/Temp/ImagesLeetSass/neg0120.png 351,217,390,321,0 403,220,438,308,0 427,225,452,287,0
F:/Temp/ImagesLeetSass/neg0121.png 288,207,343,390,0 381,212,438,356,0 426,221,453,302,0 335,218,377,359,0
F:/Temp/ImagesLeetSass/neg0122.png 431,288,475,401,0 216,379,321,512,0 299,447,437,624,0 124,470,269,634,0
F:/Temp/ImagesLeetSass/neg0123.png 502,122,566,287,0 160,28,483,626,0
F:/Temp/ImagesLeetSass/neg0124.png 436,214,587,574,0
F:/Temp/ImagesLeetSass/neg0125.png 444,184,668,638,0
F:/Temp/ImagesLeetSass/neg0126.png 463,187,537,365,0
F:/Temp/ImagesLeetSass/neg0128.png 351,247,485,599,0
F:/Temp/ImagesLeetSass/neg0129.png 241,150,423,508,0 388,149,568,609,0 712,114,816,427,0
F:/Temp/ImagesLeetSass/neg0130.png 163,148,363,625,0 349,158,489,576,0 483,176,589,486,0
F:/Temp/ImagesLeetSass/neg0131.png 234,240,258,291,0 494,230,569,376,0
F:/Temp/ImagesLeetSass/neg0132.png 484,201,561,379,0
F:/Temp/ImagesLeetSass/neg0133.png 443,266,501,440,0
F:/Temp/ImagesLeetSass/neg0134.png 445,254,510,405,0
F:/Temp/ImagesLeetSass/neg0135.png 403,208,485,394,0
F:/Temp/ImagesLeetSass/neg0136.png 102,138,412,631,0 749,166,804,264,0
F:/Temp/ImagesLeetSass/neg0137.png 364,195,468,470,0
F:/Temp/ImagesLeetSass/neg0138.png 241,209,354,451,0 29,234,68,294,0
F:/Temp/ImagesLeetSass/neg0139.png 349,204,379,270,0
F:/Temp/ImagesLeetSass/neg0140.png 426,206,466,318,0
F:/Temp/ImagesLeetSass/neg0141.png 389,214,455,359,0
F:/Temp/ImagesLeetSass/neg0142.png 362,235,471,447,0
F:/Temp/ImagesLeetSass/neg0143.png 384,193,491,501,0 548,211,591,278,0
F:/Temp/ImagesLeetSass/neg0144.png 364,145,548,486,0
F:/Temp/ImagesLeetSass/neg0146.png 187,249,216,309,0 726,230,816,430,0
F:/Temp/ImagesLeetSass/neg0147.png 345,251,383,332,0
F:/Temp/ImagesLeetSass/neg0148.png 354,284,408,395,0
F:/Temp/ImagesLeetSass/neg0149.png 351,277,420,412,0
F:/Temp/ImagesLeetSass/neg0150.png 390,186,570,609,0
F:/Temp/ImagesLeetSass/neg0151.png 495,170,616,475,0
F:/Temp/ImagesLeetSass/neg0152.png 385,164,522,463,0 18,201,70,271,0
F:/Temp/ImagesLeetSass/neg0153.png 416,164,542,473,0
F:/Temp/ImagesLeetSass/neg0154.png 122,236,172,328,0
F:/Temp/ImagesLeetSass/neg0155.png 311,239,350,341,0
F:/Temp/ImagesLeetSass/neg0156.png 309,264,376,417,0
F:/Temp/ImagesLeetSass/neg0157.png 290,262,360,414,0
F:/Temp/ImagesLeetSass/neg0158.png 384,238,482,486,0
F:/Temp/ImagesLeetSass/neg0159.png 212,216,365,543,0
F:/Temp/ImagesLeetSass/neg0160.png 245,214,292,343,0
F:/Temp/ImagesLeetSass/neg0161.png 399,176,512,493,0
F:/Temp/ImagesLeetSass/neg0162.png 368,165,509,434,0
F:/Temp/ImagesLeetSass/neg0163.png 404,278,478,439,0 450,249,483,305,0
F:/Temp/ImagesLeetSass/neg0164.png 397,241,481,424,0
F:/Temp/ImagesLeetSass/neg0165.png 378,407,562,611,0
F:/Temp/ImagesLeetSass/neg0166.png 422,168,510,424,0
F:/Temp/ImagesLeetSass/neg0167.png 444,176,530,392,0
F:/Temp/ImagesLeetSass/neg0168.png 699,166,814,607,0
F:/Temp/ImagesLeetSass/neg0169.png 345,212,410,384,0
F:/Temp/ImagesLeetSass/neg0170.png 400,162,491,437,0
F:/Temp/ImagesLeetSass/neg0171.png 397,114,632,592,0
F:/Temp/ImagesLeetSass/neg0172.png 315,170,415,428,0
F:/Temp/ImagesLeetSass/neg0173.png 431,147,508,320,0
F:/Temp/ImagesLeetSass/neg0174.png 349,191,439,395,0
F:/Temp/ImagesLeetSass/neg0175.png 517,164,612,385,0
F:/Temp/ImagesLeetSass/neg0176.png 479,183,529,311,0
F:/Temp/ImagesLeetSass/neg0177.png 500,202,533,288,0
F:/Temp/ImagesLeetSass/neg0178.png 783,209,808,303,0 83,233,111,282,0
F:/Temp/ImagesLeetSass/neg0179.png 401,281,427,334,0
F:/Temp/ImagesLeetSass/neg0180.png 473,272,497,337,0
F:/Temp/ImagesLeetSass/neg0181.png 267,260,296,315,0 397,250,462,384,0 507,247,575,391,0
F:/Temp/ImagesLeetSass/neg0182.png 36,237,85,316,0 346,224,416,403,0 477,228,554,393,0
F:/Temp/ImagesLeetSass/neg0183.png 310,201,417,463,0 429,220,514,393,0
F:/Temp/ImagesLeetSass/neg0184.png 293,238,351,422,0 352,226,447,514,0
F:/Temp/ImagesLeetSass/neg0185.png 10,216,139,444,0 216,218,320,429,0
F:/Temp/ImagesLeetSass/neg0186.png 302,223,354,353,0 295,232,320,287,0
F:/Temp/ImagesLeetSass/neg0187.png 395,254,427,330,0 464,226,585,494,0
F:/Temp/ImagesLeetSass/neg0188.png 444,221,545,472,0
F:/Temp/ImagesLeetSass/neg0189.png 235,180,349,520,0 516,213,538,277,0 545,213,574,285,0
F:/Temp/ImagesLeetSass/neg0190.png 337,274,358,326,0 370,274,391,330,0 432,251,510,464,0
F:/Temp/ImagesLeetSass/neg0191.png 384,253,476,466,0 15,268,59,354,0
F:/Temp/ImagesLeetSass/neg0192.png 296,250,329,326,0 1,223,70,557,0
F:/Temp/ImagesLeetSass/neg0193.png 351,278,413,422,0
F:/Temp/ImagesLeetSass/neg0194.png 328,198,462,431,0
F:/Temp/ImagesLeetSass/neg0195.png 234,29,487,537,0
F:/Temp/ImagesLeetSass/neg0196.png 120,28,495,625,0
F:/Temp/ImagesLeetSass/neg0197.png 245,147,372,474,0 136,182,177,282,0 194,189,217,237,0 171,186,190,236,0
F:/Temp/ImagesLeetSass/neg0198.png 489,169,607,423,0
F:/Temp/ImagesLeetSass/neg0199.png 556,124,584,191,0
F:/Temp/ImagesLeetSass/neg0200.png 412,236,444,303,0
F:/Temp/ImagesLeetSass/neg0201.png 408,237,448,326,0
F:/Temp/ImagesLeetSass/neg0202.png 388,237,441,366,0
F:/Temp/ImagesLeetSass/neg0203.png 409,192,477,378,0
F:/Temp/ImagesLeetSass/neg0204.png 300,159,442,485,0
F:/Temp/ImagesLeetSass/neg0205.png 387,176,491,439,0
F:/Temp/ImagesLeetSass/neg0206.png 443,202,535,523,0
F:/Temp/ImagesLeetSass/neg0207.png 395,68,624,590,0
F:/Temp/ImagesLeetSass/neg0208.png 345,276,497,609,0
F:/Temp/ImagesLeetSass/neg0209.png 292,201,394,425,0
F:/Temp/ImagesLeetSass/neg0210.png 179,373,295,579,0
F:/Temp/ImagesLeetSass/neg0211.png 6,30,283,407,0
F:/Temp/ImagesLeetSass/neg0212.png 358,137,463,384,0
F:/Temp/ImagesLeetSass/neg0213.png 276,171,351,335,0
F:/Temp/ImagesLeetSass/neg0214.png 399,290,519,472,0
F:/Temp/ImagesLeetSass/neg0215.png 384,290,445,454,0
F:/Temp/ImagesLeetSass/neg0216.png 310,230,368,368,0 402,128,426,186,0
F:/Temp/ImagesLeetSass/neg0217.png 409,255,432,302,0 391,350,449,441,0
F:/Temp/ImagesLeetSass/neg0218.png 425,280,447,322,0 433,341,463,379,0
F:/Temp/ImagesLeetSass/neg0219.png 383,334,407,370,0 419,290,442,326,0
F:/Temp/ImagesLeetSass/neg0220.png 429,290,448,328,0 333,333,361,368,0
F:/Temp/ImagesLeetSass/neg0221.png 445,289,464,326,0 366,330,387,360,0
F:/Temp/ImagesLeetSass/neg0222.png 460,291,476,322,0 406,326,426,347,0
F:/Temp/ImagesLeetSass/neg0223.png 419,323,439,366,0 443,309,457,341,0 424,302,439,328,0
F:/Temp/ImagesLeetSass/neg0224.png 412,301,425,330,0 429,319,448,361,0 435,309,449,334,0
F:/Temp/ImagesLeetSass/neg0225.png 444,308,458,334,0 453,318,469,355,0
F:/Temp/ImagesLeetSass/neg0226.png 471,309,481,339,0 476,320,495,362,0
F:/Temp/ImagesLeetSass/neg0227.png 441,324,460,372,0 431,305,445,332,0 455,312,470,341,0
F:/Temp/ImagesLeetSass/neg0228.png 424,320,446,366,0 464,308,479,340,0 452,303,469,328,0
F:/Temp/ImagesLeetSass/neg0229.png 370,325,397,371,0
F:/Temp/ImagesLeetSass/neg0230.png 347,327,363,372,0
F:/Temp/ImagesLeetSass/neg0231.png 439,327,465,380,0 472,305,488,332,0 483,311,510,353,0
F:/Temp/ImagesLeetSass/neg0232.png 439,307,453,331,0 451,327,468,376,0 463,311,479,345,0
F:/Temp/ImagesLeetSass/neg0233.png 401,308,412,335,0 428,311,442,343,0 430,326,448,366,0
F:/Temp/ImagesLeetSass/neg0234.png 428,308,443,335,0 434,319,450,355,0
F:/Temp/ImagesLeetSass/neg0235.png 397,291,408,314,0 421,295,437,324,0 427,307,441,340,0
F:/Temp/ImagesLeetSass/neg0236.png 376,282,385,307,0 399,287,414,311,0 408,299,424,330,0
F:/Temp/ImagesLeetSass/neg0237.png 374,282,388,305,0 401,285,414,309,0 402,301,418,338,0
F:/Temp/ImagesLeetSass/neg0238.png 370,260,387,298,0 426,268,451,321,0 466,292,506,387,0
F:/Temp/ImagesLeetSass/neg0239.png 368,252,389,296,0 448,255,477,323,0 562,282,636,418,0
F:/Temp/ImagesLeetSass/neg0240.png 372,241,401,295,0 501,236,539,324,0
F:/Temp/ImagesLeetSass/neg0241.png 374,248,410,322,0 593,245,666,394,0
F:/Temp/ImagesLeetSass/neg0242.png 376,244,427,356,0
F:/Temp/ImagesLeetSass/neg0243.png 520,226,574,374,0
F:/Temp/ImagesLeetSass/neg0244.png 20,242,156,491,0 456,255,492,349,0 636,257,671,326,0
F:/Temp/ImagesLeetSass/neg0245.png 229,251,289,391,0 404,259,423,325,0 508,260,530,305,0
F:/Temp/ImagesLeetSass/neg0246.png 318,264,350,347,0 392,266,414,318,0 475,267,488,305,0
F:/Temp/ImagesLeetSass/neg0247.png 344,266,374,332,0 386,269,408,312,0 449,269,466,303,0
F:/Temp/ImagesLeetSass/neg0248.png 353,273,372,326,0 372,274,390,311,0 416,274,431,306,0
F:/Temp/ImagesLeetSass/neg0249.png 394,273,408,308,0 404,272,425,326,0 424,272,436,302,0
F:/Temp/ImagesLeetSass/neg0250.png 409,268,431,320,0
F:/Temp/ImagesLeetSass/neg0252.png 402,276,416,311,0 437,276,449,308,0 410,270,432,330,0
F:/Temp/ImagesLeetSass/neg0253.png 376,275,394,332,0 400,276,417,316,0 451,277,464,309,0
F:/Temp/ImagesLeetSass/neg0255.png 262,264,281,316,0 299,269,328,348,0 324,272,372,422,0
F:/Temp/ImagesLeetSass/neg0256.png 217,266,283,424,0 339,267,366,345,0 365,262,383,312,0
F:/Temp/ImagesLeetSass/neg0257.png 162,274,221,397,0 347,268,379,343,0 425,261,445,311,0
F:/Temp/ImagesLeetSass/neg0258.png 63,265,124,376,0 300,257,330,327,0
F:/Temp/ImagesLeetSass/neg0259.png 327,236,379,378,0 470,241,501,311,0
F:/Temp/ImagesLeetSass/neg0260.png 368,240,399,335,0 6,207,166,630,0
F:/Temp/ImagesLeetSass/neg0261.png 590,200,667,349,0
F:/Temp/ImagesLeetSass/neg0262.png 560,185,660,374,0
F:/Temp/ImagesLeetSass/neg0263.png 224,255,250,318,0 256,253,293,343,0 526,222,618,436,0
F:/Temp/ImagesLeetSass/neg0264.png 387,216,455,401,0 391,234,418,302,0
F:/Temp/ImagesLeetSass/neg0265.png 306,216,355,314,0 381,226,406,278,0 419,224,439,267,0
F:/Temp/ImagesLeetSass/neg0266.png 380,225,411,297,0 411,227,429,272,0 437,226,452,270,0
F:/Temp/ImagesLeetSass/neg0267.png 427,236,452,291,0 450,236,462,270,0
F:/Temp/ImagesLeetSass/neg0268.png 416,239,435,284,0 431,241,442,271,0
F:/Temp/ImagesLeetSass/neg0269.png 377,234,396,277,0 396,236,410,266,0 416,237,429,263,0
F:/Temp/ImagesLeetSass/neg0270.png 393,236,412,274,0 407,234,420,265,0 425,236,437,262,0
F:/Temp/ImagesLeetSass/neg0271.png 412,245,429,278,0 429,243,441,268,0
F:/Temp/ImagesLeetSass/neg0272.png 407,252,426,283,0
F:/Temp/ImagesLeetSass/neg0273.png 422,249,436,274,0 433,249,446,270,0
F:/Temp/ImagesLeetSass/neg0274.png 433,244,446,272,0 447,245,459,264,0
F:/Temp/ImagesLeetSass/neg0275.png 710,261,733,299,0 736,260,749,289,0
F:/Temp/ImagesLeetSass/neg0276.png 529,253,550,294,0 485,296,502,336,0 566,245,577,272,0
F:/Temp/ImagesLeetSass/neg0277.png 556,247,570,271,0 520,261,541,295,0 479,301,502,336,0
F:/Temp/ImagesLeetSass/neg0278.png 466,307,485,351,0 511,266,526,302,0 547,244,560,274,0
F:/Temp/ImagesLeetSass/neg0279.png 499,291,514,328,0 440,355,455,391,0
F:/Temp/ImagesLeetSass/neg0280.png 473,328,497,364,0 372,412,411,459,0
F:/Temp/ImagesLeetSass/neg0281.png 357,373,396,432,0 464,299,484,353,0
F:/Temp/ImagesLeetSass/neg0282.png 422,297,445,347,0 462,254,480,295,0 495,243,510,276,0
F:/Temp/ImagesLeetSass/neg0283.png 413,295,435,343,0 449,256,466,292,0 479,237,494,274,0
F:/Temp/ImagesLeetSass/neg0284.png 412,280,433,327,0 445,249,464,282,0 475,232,489,267,0
F:/Temp/ImagesLeetSass/neg0285.png 426,280,445,330,0 456,247,474,285,0 483,232,499,264,0
F:/Temp/ImagesLeetSass/neg0286.png 428,254,448,303,0 450,235,466,270,0 471,220,488,256,0
F:/Temp/ImagesLeetSass/neg0287.png 397,267,419,312,0 413,264,429,299,0 431,263,447,296,0
F:/Temp/ImagesLeetSass/neg0288.png 404,264,421,303,0 418,265,429,297,0 431,266,446,293,0
F:/Temp/ImagesLeetSass/neg0289.png 401,266,416,299,0 413,266,426,293,0 426,266,441,291,0
F:/Temp/ImagesLeetSass/neg0290.png 433,262,445,293,0 443,261,455,283,0
F:/Temp/ImagesLeetSass/neg0291.png 404,254,412,280,0 399,253,406,274,0
F:/Temp/ImagesLeetSass/neg0292.png 428,284,446,316,0
F:/Temp/ImagesLeetSass/neg0293.png 470,274,493,312,0 344,274,364,312,0
F:/Temp/ImagesLeetSass/neg0294.png 435,279,451,312,0
F:/Temp/ImagesLeetSass/neg0295.png 424,276,443,308,0
F:/Temp/ImagesLeetSass/neg0297.png 457,281,477,309,0 354,282,374,312,0
F:/Temp/ImagesLeetSass/neg0298.png 357,284,379,315,0 465,284,487,314,0
F:/Temp/ImagesLeetSass/neg0299.png 339,285,365,312,0 448,282,467,316,0
F:/Temp/ImagesLeetSass/neg0300.png 356,302,372,330,0
F:/Temp/ImagesLeetSass/neg0301.png 397,305,416,339,0
F:/Temp/ImagesLeetSass/neg0302.png 387,282,415,337,0 548,309,572,362,0
F:/Temp/ImagesLeetSass/neg0303.png 372,294,404,341,0 544,324,577,384,0
F:/Temp/ImagesLeetSass/neg0304.png 377,237,410,297,0 241,232,256,287,0 603,244,666,346,0
F:/Temp/ImagesLeetSass/neg0305.png 341,266,368,322,0 470,266,517,359,0
F:/Temp/ImagesLeetSass/neg0306.png 408,282,437,346,0 505,274,560,402,0
F:/Temp/ImagesLeetSass/neg0307.png 408,281,440,349,0 501,270,579,445,0
F:/Temp/ImagesLeetSass/pos0001.png 406,274,417,303,1 425,271,434,296,1 435,276,448,300,1 479,275,492,304,1 472,273,481,292,1
F:/Temp/ImagesLeetSass/pos0002.png 362,271,374,296,1 376,277,389,309,1 419,275,433,302,1 413,271,424,295,1 470,279,484,309,1 477,275,487,289,1
F:/Temp/ImagesLeetSass/pos0003.png 366,278,382,314,1 410,275,425,308,1 470,276,486,312,1 462,274,474,300,1 395,273,408,300,1 337,272,350,301,1
F:/Temp/ImagesLeetSass/pos0004.png 366,271,387,315,1 409,267,429,304,1 482,268,505,309,1 467,265,483,298,1 389,264,406,300,1
F:/Temp/ImagesLeetSass/pos0005.png 353,273,374,318,1 408,273,429,310,1 482,271,504,317,1 472,270,487,305,1 393,270,409,305,1 327,269,345,304,1
F:/Temp/ImagesLeetSass/pos0006.png 266,264,289,308,1 320,265,349,326,1 355,264,374,306,1 383,266,404,313,1 450,265,472,307,1 477,265,504,315,1
F:/Temp/ImagesLeetSass/pos0007.png 245,266,274,321,1 317,264,358,344,1 394,266,424,326,1 468,265,492,316,1 513,265,549,330,1 353,267,377,314,1
F:/Temp/ImagesLeetSass/pos0008.png 233,236,278,321,1 380,237,420,329,1 466,226,522,390,1 510,236,541,311,1 8,232,66,359,1
F:/Temp/ImagesLeetSass/pos0009.png 190,227,235,328,1 329,230,354,298,1 378,229,412,322,1 543,224,599,367,1 460,230,487,299,1
F:/Temp/ImagesLeetSass/pos0010.png 235,226,274,313,1 346,229,368,291,1 400,228,429,312,1 468,229,491,292,1 547,225,595,341,1
F:/Temp/ImagesLeetSass/pos0011.png 165,246,229,350,1 346,248,390,325,1 479,248,524,340,1 562,241,631,413,1 629,248,666,329,1
F:/Temp/ImagesLeetSass/pos0012.png 176,246,224,328,1 355,234,454,416,1 349,247,379,319,1 510,247,549,314,1 635,243,687,342,1 433,244,484,339,1
F:/Temp/ImagesLeetSass/pos0013.png 266,241,332,380,1 438,245,486,342,1 407,250,439,313,1 570,247,618,321,1 645,245,715,363,1
F:/Temp/ImagesLeetSass/pos0014.png 219,244,265,363,1 343,249,368,308,1 428,248,470,345,1 453,250,479,313,1 615,241,712,396,1 632,248,683,342,1
F:/Temp/ImagesLeetSass/pos0015.png 266,233,328,372,1 360,240,404,325,1 243,242,270,311,1 441,205,664,513,1 555,228,629,364,1
F:/Temp/ImagesLeetSass/pos0016.png 292,220,355,375,1 401,224,429,295,1 488,222,541,331,1 697,234,810,479,1 33,221,101,274,1 7,192,186,628,1
F:/Temp/ImagesLeetSass/pos0017.png 75,194,178,363,1 406,199,455,333,1 117,129,395,629,1 7,201,66,317,1 395,205,422,284,1
F:/Temp/ImagesLeetSass/pos0018.png 8,156,251,553,1 503,192,559,337,1 552,198,585,287,1 248,192,309,322,1 225,198,276,283,1
F:/Temp/ImagesLeetSass/pos0019.png 195,192,293,349,1 519,190,601,391,1 605,199,645,313,1 241,200,285,288,1
F:/Temp/ImagesLeetSass/pos0020.png 199,200,292,329,1 332,187,454,418,1 666,197,742,354,1 7,209,59,329,1
F:/Temp/ImagesLeetSass/pos0021.png 190,187,249,293,1 354,188,445,354,1 557,192,604,275,1 421,190,470,289,1 327,192,367,264,1
F:/Temp/ImagesLeetSass/pos0022.png 192,193,233,280,1 231,187,302,335,1 378,193,422,288,1 337,195,368,263,1 470,171,619,465,1
F:/Temp/ImagesLeetSass/pos0023.png 477,230,530,382,1 691,221,749,353,1 663,201,698,287,1 497,197,526,242,1 585,390,808,628,1
F:/Temp/ImagesLeetSass/pos0024.png 341,100,399,268,1 483,123,695,537,1 515,93,550,171,1 545,96,594,154,1
F:/Temp/ImagesLeetSass/pos0025.png 286,183,351,336,1 421,313,581,605,1 472,160,514,270,1 691,163,762,288,1 449,142,477,219,1 294,146,329,201,1
F:/Temp/ImagesLeetSass/pos0026.png 133,132,201,257,1 241,124,356,348,1 395,129,454,259,1 576,133,636,242,1 312,135,358,221,1
F:/Temp/ImagesLeetSass/pos0027.png 8,148,139,319,1 183,160,255,254,1 346,156,417,270,1 407,142,521,354,1
F:/Temp/ImagesLeetSass/pos0028.png 38,186,179,329,1 147,162,216,249,1 317,165,379,262,1 415,185,495,325,1 391,152,433,223,1 658,173,722,296,1
F:/Temp/ImagesLeetSass/pos0029.png 77,131,166,229,1 267,129,338,233,1 375,123,457,279,1 625,125,680,251,1 352,132,394,208,1 7,140,111,292,1
F:/Temp/ImagesLeetSass/pos0030.png 154,213,230,296,1 162,298,270,406,1 334,205,389,286,1 368,164,410,227,1 465,257,519,354,1 623,214,662,300,1
F:/Temp/ImagesLeetSass/pos0031.png 140,183,216,256,1 160,248,283,360,1 343,173,395,263,1 368,143,410,213,1 494,207,553,319,1 641,177,685,267,1
F:/Temp/ImagesLeetSass/pos0032.png 68,215,171,321,1 158,292,290,435,1 305,191,366,287,1 488,216,538,329,1 587,177,624,264,1 310,160,350,203,1
F:/Temp/ImagesLeetSass/pos0033.png 17,262,180,413,1 304,413,454,626,1 624,229,698,363,1 661,173,701,242,1 359,205,419,321,1 320,161,362,246,1
F:/Temp/ImagesLeetSass/pos0034.png 140,228,203,345,1 328,223,392,382,1 558,218,621,341,1 483,220,514,296,1
F:/Temp/ImagesLeetSass/pos0035.png 136,209,204,333,1 395,210,453,326,1 387,180,412,246,1 488,190,536,277,1 693,218,795,360,1 505,283,685,492,1
F:/Temp/ImagesLeetSass/pos0036.png 213,183,250,255,1 278,178,333,301,1 338,177,378,263,1 465,166,620,378,1
F:/Temp/ImagesLeetSass/pos0037.png 30,189,154,403,1 243,205,275,280,1 391,200,454,329,1 604,200,683,310,1 687,193,809,403,1
F:/Temp/ImagesLeetSass/pos0038.png 216,225,260,303,1 321,211,427,413,1 456,219,521,329,1 567,224,616,303,1 698,220,781,344,1 389,225,418,300,1
F:/Temp/ImagesLeetSass/pos0039.png 154,229,204,325,1 328,231,361,304,1 449,233,488,320,1 486,228,559,383,1 598,231,637,311,1 475,231,500,295,1
F:/Temp/ImagesLeetSass/pos0040.png 243,231,284,320,1 379,233,408,296,1 409,229,446,325,1 509,231,537,304,1 549,223,612,375,1 7,224,97,372,1
F:/Temp/ImagesLeetSass/pos0041.png 201,239,243,342,1 319,242,343,308,1 391,240,422,333,1 452,244,478,309,1 568,236,624,366,1
F:/Temp/ImagesLeetSass/pos0042.png 266,242,317,346,1 424,246,453,316,1 467,240,511,357,1 582,242,613,329,1 701,228,808,465,1 7,231,80,412,1
F:/Temp/ImagesLeetSass/pos0043.png 145,238,195,334,1 320,225,416,455,1 471,242,507,328,1 299,240,343,350,1
F:/Temp/ImagesLeetSass/pos0044.png 172,247,218,318,1 254,243,336,395,1 388,245,440,336,1 487,248,528,313,1 576,244,637,345,1 327,246,368,314,1
F:/Temp/ImagesLeetSass/pos0045.png 234,233,291,348,1 287,240,319,299,1 408,237,453,321,1 554,238,597,312,1 582,230,664,349,1 403,241,431,302,1
F:/Temp/ImagesLeetSass/pos0046.png 113,233,182,375,1 299,240,331,303,1 375,236,424,346,1 418,238,459,314,1 570,228,711,412,1
F:/Temp/ImagesLeetSass/pos0047.png 218,225,278,365,1 329,203,512,523,1 524,224,620,361,1 348,228,387,253,1
F:/Temp/ImagesLeetSass/pos0048.png 166,194,247,371,1 358,208,383,283,1 426,202,474,317,1 588,167,809,500,1
F:/Temp/ImagesLeetSass/pos0049.png 81,181,345,589,1 291,205,352,327,1 556,202,618,352,1 592,204,622,297,1 259,207,305,252,1
F:/Temp/ImagesLeetSass/pos0050.png 5,185,120,357,1 328,188,412,342,1 383,196,424,287,1 670,171,810,442,1
F:/Temp/ImagesLeetSass/pos0051.png 187,169,381,471,1 685,179,789,388,1 308,192,359,280,1 150,189,254,332,1
F:/Temp/ImagesLeetSass/pos0052.png 128,177,246,365,1 536,171,688,429,1 425,188,470,270,1 266,186,326,289,1 8,188,67,306,1 189,188,237,266,1
F:/Temp/ImagesLeetSass/pos0053.png 163,174,241,340,1 385,146,566,497,1 536,183,574,278,1 349,182,396,283,1 315,186,349,256,1 150,181,197,275,1
F:/Temp/ImagesLeetSass/pos0054.png 141,233,225,400,1 312,300,495,629,1 534,216,586,314,1 348,213,393,306,1 323,208,355,281,1 154,215,193,252,1
F:/Temp/ImagesLeetSass/pos0055.png 195,233,268,392,1 354,311,522,629,1 579,218,634,322,1 386,217,432,312,1 365,208,395,279,1 209,213,240,253,1
F:/Temp/ImagesLeetSass/pos0056.png 529,188,597,365,1 745,196,793,294,1
F:/Temp/ImagesLeetSass/pos0057.png 306,150,400,436,1 431,167,474,297,1 157,167,212,306,1
F:/Temp/ImagesLeetSass/pos0058.png 204,169,248,266,1 374,167,420,278,1 479,156,558,350,1
F:/Temp/ImagesLeetSass/pos0059.png 122,177,179,272,1 299,179,333,252,1 419,178,457,265,1 456,173,516,309,1 555,178,588,256,1 441,179,469,243,1
F:/Temp/ImagesLeetSass/pos0060.png 130,179,181,267,1 312,180,350,254,1 345,171,433,348,1 404,177,459,274,1 475,181,508,250,1 588,178,639,275,1
F:/Temp/ImagesLeetSass/pos0061.png 294,161,367,303,1 418,171,453,237,1 451,167,505,264,1 587,167,641,248,1 660,163,770,285,1 287,168,305,235,1
F:/Temp/ImagesLeetSass/pos0062.png 154,160,229,302,1 305,165,337,230,1 403,162,461,274,1 431,163,462,238,1 606,155,732,330,1 607,159,671,266,1
F:/Temp/ImagesLeetSass/pos0063.png 427,128,567,408,1 231,150,300,297,1 329,160,374,250,1 198,163,233,238,1 520,153,595,284,1
F:/Temp/ImagesLeetSass/pos0064.png 9,96,294,628,1 260,164,292,246,1 360,164,404,269,1 546,154,691,347,1
F:/Temp/ImagesLeetSass/pos0065.png 122,156,220,331,1 438,111,705,522,1 441,158,488,296,1 405,167,437,248,1 6,163,77,290,1
F:/Temp/ImagesLeetSass/pos0066.png 26,96,329,481,1 352,138,414,272,1 344,145,388,228,1 637,129,719,312,1 710,138,761,256,1
F:/Temp/ImagesLeetSass/pos0067.png 213,135,326,304,1 308,142,368,241,1 529,124,666,413,1 749,138,808,303,1
F:/Temp/ImagesLeetSass/pos0068.png 70,141,273,388,1 300,162,358,247,1 582,148,684,350,1 6,183,51,272,1
F:/Temp/ImagesLeetSass/pos0069.png 49,163,115,262,1 217,166,255,237,1 276,164,324,254,1 424,165,461,240,1 420,152,528,347,1 153,158,238,300,1
F:/Temp/ImagesLeetSass/pos0070.png 166,163,213,254,1 195,157,270,315,1 324,163,356,234,1 362,160,406,260,1 430,140,590,452,1 539,161,583,215,1
F:/Temp/ImagesLeetSass/pos0071.png 198,146,272,318,1 607,156,662,269,1 358,110,558,567,1
F:/Temp/ImagesLeetSass/pos0072.png 316,136,376,301,1 459,87,677,547,1 760,138,810,278,1
F:/Temp/ImagesLeetSass/pos0073.png 137,217,191,344,1 343,254,418,449,1 386,204,423,315,1
F:/Temp/ImagesLeetSass/pos0074.png 234,94,274,200,1 254,99,323,277,1 436,93,473,212,1 526,110,697,470,1
F:/Temp/ImagesLeetSass/pos0075.png 160,167,215,276,1 329,180,383,310,1 372,150,408,233,1 516,163,565,270,1 364,268,487,517,1
F:/Temp/ImagesLeetSass/pos0076.png 124,241,227,406,1 138,180,184,257,1 304,179,345,256,1 341,197,399,300,1 480,181,531,260,1 547,205,633,326,1
F:/Temp/ImagesLeetSass/pos0077.png 42,127,148,306,1 164,142,207,224,1 321,141,382,249,1 491,142,548,230,1 534,134,633,275,1 315,144,345,220,1
F:/Temp/ImagesLeetSass/pos0078.png 300,211,366,350,1 434,175,496,273,1 630,226,809,391,1 328,158,358,232,1 377,406,558,629,1 8,232,70,360,1
F:/Temp/ImagesLeetSass/pos0079.png 158,29,424,508,1 435,95,489,212,1 629,77,808,302,1
F:/Temp/ImagesLeetSass/pos0080.png 154,48,253,251,1 333,65,370,158,1 420,58,481,195,1 594,29,807,344,1
F:/Temp/ImagesLeetSass/pos0081.png 12,79,229,288,1 208,49,298,181,1 370,149,580,491,1 717,81,808,280,1
F:/Temp/ImagesLeetSass/pos0082.png 64,267,132,371,1 296,271,340,346,1 429,271,462,354,1 533,272,573,362,1
F:/Temp/ImagesLeetSass/pos0083.png 6,259,49,362,1 226,265,259,334,1 381,264,417,337,1 466,265,514,358,1 551,261,620,387,1 716,233,759,300,1
F:/Temp/ImagesLeetSass/pos0084.png 187,267,221,334,1 336,266,367,338,1 379,267,424,362,1 414,263,479,402,1 717,226,764,305,1
F:/Temp/ImagesLeetSass/pos0085.png 488,226,527,310,1
F:/Temp/ImagesLeetSass/pos0086.png 291,279,314,327,1 333,275,384,378,1 397,278,419,323,1 413,278,449,357,1 462,275,483,339,1
F:/Temp/ImagesLeetSass/pos0087.png 347,263,395,374,1 413,267,439,315,1 463,260,511,360,1 522,265,545,286,1 571,261,597,288,1
F:/Temp/ImagesLeetSass/pos0089.png 384,169,473,395,1 574,178,617,232,1 477,190,510,271,1 321,192,359,262,1 8,142,181,494,1
F:/Temp/ImagesLeetSass/pos0090.png 263,256,309,330,1 442,258,480,337,1 582,289,641,400,1 561,375,681,520,1
F:/Temp/ImagesLeetSass/pos0091.png 7,184,99,292,1 269,192,311,273,1 433,188,480,288,1 501,186,591,344,1 587,170,781,467,1
F:/Temp/ImagesLeetSass/pos0092.png 28,196,114,307,1 298,200,335,286,1 481,200,533,300,1 597,196,699,353,1
F:/Temp/ImagesLeetSass/pos0093.png 100,201,187,346,1 379,208,422,300,1 611,205,669,317,1
F:/Temp/ImagesLeetSass/pos0094.png 34,171,199,465,1 351,204,400,319,1 569,208,628,304,1 785,220,809,335,1
F:/Temp/ImagesLeetSass/pos0095.png 276,207,324,332,1 369,175,524,509,1 542,217,576,293,1 633,218,667,294,1
F:/Temp/ImagesLeetSass/pos0096.png 191,196,258,353,1 272,205,304,292,1 371,211,404,276,1 432,210,463,272,1 556,182,708,428,1
F:/Temp/ImagesLeetSass/pos0097.png 254,173,383,455,1 371,209,404,279,1 209,200,250,317,1
F:/Temp/ImagesLeetSass/pos0098.png 161,130,481,628,1 492,211,531,293,1 421,210,467,306,1
F:/Temp/ImagesLeetSass/pos0099.png 270,195,331,338,1 479,204,534,320,1 601,205,657,315,1
F:/Temp/ImagesLeetSass/pos0100.png 293,203,349,334,1 445,205,503,334,1 8,195,108,346,1
F:/Temp/ImagesLeetSass/pos0101.png 190,202,256,313,1 330,204,403,349,1 483,200,577,408,1 617,176,631,242,1
F:/Temp/ImagesLeetSass/pos0102.png 499,152,537,240,1
F:/Temp/ImagesLeetSass/pos0103.png 410,192,454,296,1
F:/Temp/ImagesLeetSass/pos0104.png 484,170,558,333,1
F:/Temp/ImagesLeetSass/pos0105.png 305,197,420,457,1
F:/Temp/ImagesLeetSass/pos0106.png 483,150,652,376,1
F:/Temp/ImagesLeetSass/pos0107.png 373,186,479,412,1
F:/Temp/ImagesLeetSass/pos0108.png 449,175,505,338,1
F:/Temp/ImagesLeetSass/pos0109.png 418,194,492,357,1
F:/Temp/ImagesLeetSass/pos0110.png 9,29,471,498,1
F:/Temp/ImagesLeetSass/pos0111.png 270,283,433,518,1
F:/Temp/ImagesLeetSass/pos0112.png 218,244,467,629,1
F:/Temp/ImagesLeetSass/pos0113.png 300,195,446,392,1
F:/Temp/ImagesLeetSass/pos0114.png 380,125,524,379,1 254,196,290,263,1
F:/Temp/ImagesLeetSass/pos0115.png 389,234,420,308,1
F:/Temp/ImagesLeetSass/pos0116.png 368,261,412,353,1 450,258,472,304,1 477,259,517,343,1 549,258,577,282,1 587,255,606,280,1
F:/Temp/ImagesLeetSass/pos0117.png 329,253,391,386,1 437,255,481,358,1 500,257,529,333,1 429,258,448,280,1 309,259,338,311,1
F:/Temp/ImagesLeetSass/pos0118.png 193,243,238,316,1 362,245,392,313,1 365,222,519,496,1 457,236,534,392,1
F:/Temp/ImagesLeetSass/pos0119.png 112,250,180,354,1 355,252,390,338,1 545,250,599,363,1 683,247,808,454,1
F:/Temp/ImagesLeetSass/pos0120.png 81,227,162,367,1 343,238,381,325,1 544,235,588,328,1 737,234,808,375,1
F:/Temp/ImagesLeetSass/pos0121.png 147,216,261,428,1 359,233,401,329,1 550,234,585,319,1 729,235,787,341,1
F:/Temp/ImagesLeetSass/pos0122.png 395,237,443,348,1 422,211,561,521,1 700,246,745,332,1 546,258,572,322,1
F:/Temp/ImagesLeetSass/pos0123.png 229,230,285,359,1 312,239,337,314,1 408,244,433,304,1 466,244,495,299,1 527,215,640,425,1
F:/Temp/ImagesLeetSass/pos0124.png 137,225,229,420,1 251,239,288,333,1 366,246,397,316,1 430,245,460,308,1 658,205,808,547,1
F:/Temp/ImagesLeetSass/pos0125.png 158,183,331,592,1 377,242,409,311,1 455,241,486,306,1 34,225,119,383,1
F:/Temp/ImagesLeetSass/pos0126.png 53,217,168,422,1 208,233,253,329,1 380,236,409,308,1 499,240,528,310,1 591,240,632,317,1
F:/Temp/ImagesLeetSass/pos0127.png 90,245,149,346,1 318,246,357,325,1 453,250,488,336,1 560,251,600,346,1
F:/Temp/ImagesLeetSass/pos0128.png 70,243,128,335,1 290,245,331,325,1 408,246,448,347,1 516,242,573,373,1 610,221,626,275,1
F:/Temp/ImagesLeetSass/pos0129.png 104,245,154,325,1 292,250,322,311,1 422,247,457,321,1 474,248,526,350,1 518,244,594,388,1
F:/Temp/ImagesLeetSass/pos0130.png 163,242,204,305,1 315,244,344,299,1 358,234,437,380,1 409,238,458,342,1
F:/Temp/ImagesLeetSass/pos0131.png 346,236,408,371,1 460,238,511,346,1 540,238,570,263,1
F:/Temp/ImagesLeetSass/pos0132.png 49,213,195,437,1 332,224,398,375,1 273,223,309,288,1 407,225,437,263,1 472,222,510,264,1
F:/Temp/ImagesLeetSass/pos0133.png 24,219,219,416,1 376,168,470,348,1 615,105,684,275,1 552,59,595,161,1 383,46,421,131,1
F:/Temp/ImagesLeetSass/pos0134.png 12,60,179,335,1 362,66,459,143,1 660,68,724,150,1 587,83,633,147,1
F:/Temp/ImagesLeetSass/pos0135.png 145,152,262,352,1 399,159,468,208,1 589,159,639,205,1 534,166,572,203,1
F:/Temp/ImagesLeetSass/pos0136.png 103,232,233,442,1 386,238,459,296,1 504,243,538,281,1 566,238,609,285,1 375,246,400,307,1
F:/Temp/ImagesLeetSass/pos0137.png 299,229,394,294,1 495,241,533,288,1 548,232,604,292,1 8,264,77,502,1
F:/Temp/ImagesLeetSass/pos0138.png 44,225,216,508,1 418,233,521,442,1 391,243,426,308,1 537,240,569,295,1 622,235,679,294,1
F:/Temp/ImagesLeetSass/pos0139.png 174,233,367,628,1 454,255,554,450,1 529,259,577,383,1 407,264,442,342,1
F:/Temp/ImagesLeetSass/pos0140.png 35,271,103,369,1 280,274,319,353,1 447,271,493,371,1 518,267,600,424,1 624,247,808,590,1
F:/Temp/ImagesLeetSass/pos0141.png 75,269,141,387,1 325,273,361,352,1 516,271,559,363,1 667,271,745,410,1
F:/Temp/ImagesLeetSass/pos0142.png 49,245,126,416,1 298,258,333,347,1 489,260,529,340,1 652,258,702,363,1
F:/Temp/ImagesLeetSass/pos0143.png 308,233,420,479,1 449,254,495,357,1 650,255,699,350,1
F:/Temp/ImagesLeetSass/pos0144.png 313,270,364,375,1 420,250,531,487,1 620,276,655,342,1 541,275,570,342,1 433,274,451,342,1
F:/Temp/ImagesLeetSass/pos0145.png 228,244,291,379,1 296,252,328,331,1 389,257,421,319,1 449,257,477,313,1 566,231,670,444,1
F:/Temp/ImagesLeetSass/pos0146.png 246,342,312,490,1 279,301,304,348,1 366,294,400,356,1 420,289,451,344,1 641,369,745,571,1
F:/Temp/ImagesLeetSass/pos0147.png 272,208,340,358,1 395,224,427,288,1 451,225,481,282,1 680,196,806,421,1
F:/Temp/ImagesLeetSass/pos0148.png 206,201,301,416,1 281,217,319,317,1 388,224,428,300,1 452,225,487,292,1
F:/Temp/ImagesLeetSass/pos0149.png 153,220,224,407,1 359,234,412,346,1 445,234,495,327,1
F:/Temp/ImagesLeetSass/pos0150.png 8,185,143,426,1 407,205,483,386,1 589,208,674,372,1
F:/Temp/ImagesLeetSass/pos0151.png 183,224,258,348,1 386,224,447,383,1 578,224,673,437,1
F:/Temp/ImagesLeetSass/pos0152.png 242,213,283,289,1 397,211,442,300,1 455,212,523,338,1 511,200,625,411,1 8,209,73,305,1
F:/Temp/ImagesLeetSass/pos0153.png 266,215,301,277,1 386,203,481,386,1 474,211,541,331,1 512,211,551,300,1
F:/Temp/ImagesLeetSass/pos0154.png 51,192,204,433,1 362,200,441,374,1 324,206,358,269,1 459,204,491,245,1 530,200,571,248,1
F:/Temp/ImagesLeetSass/pos0155.png 8,354,164,563,1 345,327,445,488,1 614,279,673,440,1 560,238,602,323,1 419,227,450,293,1
F:/Temp/ImagesLeetSass/pos0156.png 429,187,463,261,1 589,208,635,313,1 622,296,715,498,1 216,383,355,592,1
F:/Temp/ImagesLeetSass/pos0157.png 404,230,435,304,1 555,280,608,384,1
F:/Temp/ImagesLeetSass/pos0158.png 9,181,208,533,1
F:/Temp/ImagesLeetSass/pos0159.png 91,134,235,349,1 8,165,246,569,1
F:/Temp/ImagesLeetSass/pos0160.png 345,150,424,349,1 552,151,646,342,1
F:/Temp/ImagesLeetSass/pos0161.png 228,134,282,242,1 462,132,526,250,1 629,125,751,317,1
F:/Temp/ImagesLeetSass/pos0162.png 65,176,135,270,1 288,179,330,254,1 437,176,481,277,1 470,176,551,325,1 481,161,649,446,1
F:/Temp/ImagesLeetSass/pos0163.png 341,158,436,360,1 507,166,595,325,1 615,167,660,285,1 515,172,548,196,1
F:/Temp/ImagesLeetSass/pos0164.png 220,159,310,325,1 418,164,491,300,1 524,164,566,198,1 576,160,619,200,1 405,169,432,229,1
F:/Temp/ImagesLeetSass/pos0165.png 309,195,348,263,1 356,183,483,421,1 498,191,587,354,1 574,188,613,301,1 458,196,491,244,1
F:/Temp/ImagesLeetSass/pos0166.png 174,208,220,288,1 351,210,388,280,1 489,208,531,296,1 529,207,608,333,1 555,202,696,410,1
F:/Temp/ImagesLeetSass/pos0167.png 153,216,204,306,1 345,219,379,289,1 507,216,542,297,1 606,217,679,328,1 744,209,808,375,1
F:/Temp/ImagesLeetSass/pos0168.png 226,225,270,310,1 412,226,450,301,1 552,228,596,322,1 677,225,747,345,1 8,221,37,372,1
F:/Temp/ImagesLeetSass/pos0169.png 239,222,292,329,1 433,225,467,306,1 585,228,620,317,1 712,225,773,330,1 7,192,121,461,1
F:/Temp/ImagesLeetSass/pos0170.png 316,192,421,460,1 268,214,318,325,1 538,224,570,293,1 624,223,659,296,1 415,219,445,293,1
F:/Temp/ImagesLeetSass/pos0171.png 151,210,212,349,1 243,217,270,296,1 344,221,374,285,1 404,223,433,279,1 442,201,554,404,1
F:/Temp/ImagesLeetSass/pos0172.png 92,190,203,417,1 274,218,315,292,1 337,221,374,282,1 624,186,759,442,1 159,210,201,316,1
F:/Temp/ImagesLeetSass/pos0173.png 391,213,436,360,1 499,223,552,321,1 560,218,604,264,1 539,144,808,584,1
F:/Temp/ImagesLeetSass/pos0174.png 116,214,187,392,1 245,229,304,329,1 309,233,353,308,1 384,150,607,629,1
F:/Temp/ImagesLeetSass/pos0175.png 228,174,301,307,1 460,176,535,342,1 671,174,808,397,1
F:/Temp/ImagesLeetSass/pos0176.png 87,165,156,270,1 319,160,378,276,1 425,158,519,336,1 587,138,795,468,1
F:/Temp/ImagesLeetSass/pos0177.png 276,175,316,245,1 383,163,520,421,1 505,171,611,336,1 558,182,604,283,1
F:/Temp/ImagesLeetSass/pos0178.png 424,171,449,229,1 441,165,516,308,1 555,170,624,287,1 642,171,674,263,1 550,172,578,214,1
F:/Temp/ImagesLeetSass/pos0179.png 424,196,445,245,1 533,191,594,296,1 589,195,647,279,1 541,194,559,221,1 634,190,659,266,1
F:/Temp/ImagesLeetSass/pos0180.png 436,208,453,248,1 520,215,561,286,1 530,205,550,253,1 559,213,599,277,1 598,209,620,265,1
F:/Temp/ImagesLeetSass/pos0181.png 432,217,448,254,1 496,226,527,281,1 512,214,528,250,1 529,222,559,275,1 563,220,579,265,1
F:/Temp/ImagesLeetSass/pos0182.png 371,231,387,263,1 424,242,444,287,1 438,229,453,258,1 454,239,472,281,1 475,234,491,269,1
F:/Temp/ImagesLeetSass/pos0183.png 376,229,390,259,1 433,232,448,256,1 420,243,435,279,1 445,240,462,273,1 466,234,479,252,1
F:/Temp/ImagesLeetSass/pos0184.png 414,229,423,254,1 443,240,460,277,1 465,230,479,242,1 468,239,483,271,1 490,233,504,248,1
F:/Temp/ImagesLeetSass/pos0185.png 409,230,420,257,1 422,243,438,277,1 451,239,466,272,1 463,232,473,257,1 479,235,492,249,1
F:/Temp/ImagesLeetSass/pos0186.png 373,234,385,262,1 389,246,404,281,1 416,242,432,275,1 429,235,438,260,1 448,239,458,253,1
F:/Temp/ImagesLeetSass/pos0187.png 371,240,384,270,1 406,253,425,290,1 430,242,441,262,1 434,250,449,284,1 458,244,472,261,1
F:/Temp/ImagesLeetSass/pos0188.png 381,248,393,277,1 434,263,455,298,1 443,249,455,270,1 458,257,479,295,1 479,253,492,283,1
F:/Temp/ImagesLeetSass/pos0189.png 379,247,392,273,1 429,259,445,292,1 435,247,451,271,1 451,256,468,287,1 469,250,482,279,1
F:/Temp/ImagesLeetSass/pos0190.png 379,243,390,269,1 431,246,441,271,1 423,254,432,284,1 441,252,455,281,1 458,248,468,276,1
F:/Temp/ImagesLeetSass/pos0191.png 384,243,396,269,1 413,251,429,280,1 434,242,445,260,1 436,250,448,279,1 455,242,467,258,1
F:/Temp/ImagesLeetSass/pos0192.png 396,238,410,265,1 411,247,432,278,1 437,248,452,275,1 445,238,456,262,1 463,243,473,258,1
F:/Temp/ImagesLeetSass/pos0193.png 412,242,424,268,1 424,252,441,286,1 452,251,468,283,1 462,242,477,268,1 482,247,493,261,1
F:/Temp/ImagesLeetSass/pos0194.png 412,244,424,273,1 428,258,451,297,1 463,255,479,291,1 472,247,482,273,1 495,251,508,267,1
F:/Temp/ImagesLeetSass/pos0195.png 382,242,396,273,1 422,254,446,300,1 449,242,462,272,1 453,251,477,290,1 480,246,498,265,1
F:/Temp/ImagesLeetSass/pos0196.png 327,229,359,296,1 475,229,506,293,1 621,227,664,314,1 679,226,766,350,1 721,242,809,418,1
F:/Temp/ImagesLeetSass/pos0197.png 60,226,117,325,1 289,230,331,308,1 419,231,457,321,1 520,229,572,335,1
F:/Temp/ImagesLeetSass/pos0198.png 343,279,364,329,1 368,280,381,310,1 420,280,437,318,1 430,279,441,312,1
F:/Temp/ImagesLeetSass/pos0199.png 356,288,374,333,1 415,286,429,321,1
F:/Temp/ImagesLeetSass/pos0200.png 395,284,417,333,1 465,283,481,321,1
F:/Temp/ImagesLeetSass/pos0201.png 399,270,426,321,1 453,268,464,300,1
F:/Temp/ImagesLeetSass/pos0202.png 408,274,432,326,1 460,272,475,307,1
F:/Temp/ImagesLeetSass/pos0203.png 373,279,407,333,1 408,278,420,310,1 466,277,483,318,1 477,278,486,309,1
F:/Temp/ImagesLeetSass/pos0204.png 358,284,391,356,1 391,283,405,318,1 463,283,481,329,1
F:/Temp/ImagesLeetSass/pos0205.png 333,275,375,353,1 432,273,449,313,1 495,271,515,323,1 515,272,529,317,1
F:/Temp/ImagesLeetSass/pos0206.png 208,269,273,369,1 408,269,427,312,1 457,267,480,327,1 484,268,498,319,1
F:/Temp/ImagesLeetSass/pos0207.png 45,280,147,438,1 428,272,447,324,1 481,267,516,354,1 521,265,547,334,1
F:/Temp/ImagesLeetSass/pos0208.png 316,279,347,346,1 439,273,491,397,1 466,274,499,367,1
F:/Temp/ImagesLeetSass/pos0209.png 190,256,237,353,1 404,265,438,352,1 436,260,479,371,1 481,257,549,427,1
F:/Temp/ImagesLeetSass/pos0210.png 341,238,387,361,1 427,235,499,383,1 586,241,729,480,1
F:/Temp/ImagesLeetSass/pos0211.png 153,203,292,443,1 423,229,495,409,1
F:/Temp/ImagesLeetSass/pos0212.png 219,208,425,626,1 474,230,590,484,1 606,247,685,416,1
F:/Temp/ImagesLeetSass/pos0213.png 309,238,375,390,1 357,239,400,358,1 404,249,433,331,1 507,252,533,301,1 687,231,807,451,1
F:/Temp/ImagesLeetSass/pos0214.png 296,252,335,341,1 322,250,346,307,1 347,254,369,314,1 424,257,441,296,1 502,250,545,350,1
F:/Temp/ImagesLeetSass/pos0215.png 354,258,381,318,1 433,258,449,292,1 494,255,527,321,1 374,257,395,304,1
F:/Temp/ImagesLeetSass/pos0216.png 375,260,396,305,1 434,259,447,288,1 479,257,508,309,1
F:/Temp/ImagesLeetSass/pos0217.png 395,257,410,292,1 404,255,415,284,1 441,258,453,283,1 480,254,504,298,1
F:/Temp/ImagesLeetSass/pos0218.png 415,256,429,290,1 447,256,458,281,1 488,255,506,292,1
F:/Temp/ImagesLeetSass/pos0219.png 425,248,439,286,1 454,252,465,275,1 504,247,521,287,1
F:/Temp/ImagesLeetSass/pos0220.png 413,258,427,300,1 447,258,458,286,1 506,256,529,303,1
F:/Temp/ImagesLeetSass/pos0221.png 385,254,407,309,1 436,258,450,290,1 505,254,531,310,1
F:/Temp/ImagesLeetSass/pos0222.png 288,258,326,330,1 370,256,387,292,1 458,252,489,328,1 315,256,334,311,1
F:/Temp/ImagesLeetSass/pos0223.png 262,253,295,327,1 349,255,369,299,1 470,242,526,365,1 200,250,266,369,1
F:/Temp/ImagesLeetSass/pos0224.png 200,246,262,357,1 103,235,185,426,1 8,260,112,509,1 354,247,380,304,1 574,217,713,509,1
F:/Temp/ImagesLeetSass/pos0225.png 436,257,469,333,1 132,243,226,453,1
F:/Temp/ImagesLeetSass/pos0226.png 530,257,582,383,1
F:/Temp/ImagesLeetSass/pos0227.png 347,303,478,476,1
F:/Temp/ImagesLeetSass/pos0228.png 362,113,471,334,1 634,108,667,181,1
F:/Temp/ImagesLeetSass/pos0229.png 259,183,334,329,1 432,188,451,238,1 527,183,551,262,1 548,185,566,247,1
F:/Temp/ImagesLeetSass/pos0230.png 309,237,361,351,1 362,242,374,287,1 452,241,479,300,1
F:/Temp/ImagesLeetSass/pos0231.png 345,266,381,343,1 423,268,442,313,1 418,271,432,305,1 337,267,354,302,1
F:/Temp/ImagesLeetSass/pos0233.png 377,267,410,336,1 475,265,493,310,1 404,266,416,304,1
F:/Temp/ImagesLeetSass/pos0234.png 266,267,308,347,1 376,267,393,304,1 435,266,454,316,1 454,264,471,310,1
F:/Temp/ImagesLeetSass/pos0235.png 236,267,285,350,1 407,265,425,306,1 451,263,478,317,1
F:/Temp/ImagesLeetSass/pos0236.png 214,273,276,382,1 493,263,512,310,1 537,258,568,335,1
F:/Temp/ImagesLeetSass/pos0237.png 570,320,592,367,1
F:/Temp/ImagesLeetSass/pos0238.png 439,282,459,349,1
F:/Temp/ImagesLeetSass/pos0239.png 398,271,430,350,1
F:/Temp/ImagesLeetSass/pos0240.png 422,265,455,346,1
F:/Temp/ImagesLeetSass/pos0241.png 404,283,430,347,1
F:/Temp/ImagesLeetSass/pos0242.png 407,287,428,341,1
F:/Temp/ImagesLeetSass/pos0243.png 430,291,443,339,1
F:/Temp/ImagesLeetSass/pos0244.png 342,289,373,355,1
F:/Temp/ImagesLeetSass/pos0245.png 391,277,422,357,1
F:/Temp/ImagesLeetSass/pos0246.png 408,269,443,371,1
F:/Temp/ImagesLeetSass/pos0247.png 474,245,518,388,1
F:/Temp/ImagesLeetSass/pos0248.png 120,248,249,488,1
F:/Temp/ImagesLeetSass/pos0249.png 360,241,454,432,1
F:/Temp/ImagesLeetSass/pos0250.png 621,234,730,438,1
F:/Temp/ImagesLeetSass/pos0252.png 399,277,415,316,1 330,275,356,333,1
F:/Temp/ImagesLeetSass/pos0253.png 299,278,335,356,1 404,279,425,324,1 329,279,344,316,1
F:/Temp/ImagesLeetSass/pos0254.png 327,277,346,322,1 416,275,437,337,1 429,275,441,320,1 225,269,290,389,1
F:/Temp/ImagesLeetSass/pos0255.png 312,278,331,332,1 426,275,462,362,1 8,263,170,553,1 441,275,462,342,1
F:/Temp/ImagesLeetSass/pos0257.png 27,204,123,363,1 364,228,407,340,1 433,225,500,359,1 554,224,674,442,1
F:/Temp/ImagesLeetSass/pos0258.png 421,248,500,415,1 564,246,726,451,1
F:/Temp/ImagesLeetSass/pos0259.png 429,239,630,629,1
F:/Temp/ImagesLeetSass/pos0261.png 397,313,421,379,1 427,281,448,328,1 438,260,460,289,1 340,248,363,292,1 130,481,182,515,1
F:/Temp/ImagesLeetSass/pos0262.png 349,229,373,275,1 428,288,459,358,1 450,258,471,311,1 454,238,479,262,1
F:/Temp/ImagesLeetSass/pos0263.png 297,247,320,296,1 408,301,440,371,1 417,270,435,308,1 409,250,428,291,1
F:/Temp/ImagesLeetSass/pos0264.png 318,234,340,281,1 428,230,445,279,1 443,249,464,293,1 454,284,480,345,1 429,512,469,557,1
F:/Temp/ImagesLeetSass/pos0265.png 377,210,395,263,1 395,227,415,279,1 413,255,440,320,1
F:/Temp/ImagesLeetSass/pos0267.png 306,173,343,238,1 463,162,499,234,1 491,203,529,271,1 514,267,556,355,1
F:/Temp/ImagesLeetSass/pos0268.png 370,205,404,270,1 531,204,572,281,1 553,255,596,322,1 578,321,637,428,1
F:/Temp/ImagesLeetSass/pos0269.png 345,230,386,300,1 534,211,587,296,1 569,283,632,357,1 608,388,699,493,1
F:/Temp/ImagesLeetSass/pos0270.png 337,319,380,366,1 526,203,595,298,1 587,289,680,348,1 678,413,799,492,1
F:/Temp/ImagesLeetSass/pos0271.png 159,230,230,271,1 272,200,314,247,1 376,176,420,208,1
F:/Temp/ImagesLeetSass/pos0272.png 130,275,235,345,1 266,226,321,300,1 381,193,429,235,1
F:/Temp/ImagesLeetSass/pos0273.png 149,247,249,328,1 250,179,297,267,1 354,121,401,201,1 629,38,676,116,1 333,435,379,504,1
F:/Temp/ImagesLeetSass/pos0274.png 157,261,251,340,1 257,192,300,279,1 356,132,400,213,1 626,41,666,117,1 353,446,412,521,1
F:/Temp/ImagesLeetSass/pos0275.png 104,388,207,468,1 207,307,257,391,1 301,238,348,309,1 531,139,560,200,1 344,554,412,631,1
F:/Temp/ImagesLeetSass/pos0276.png 99,407,203,485,1 207,322,249,408,1 300,253,344,326,1 523,154,551,213,1 344,566,416,629,1
F:/Temp/ImagesLeetSass/pos0277.png 127,320,212,383,1 238,275,280,346,1 352,240,388,279,1
F:/Temp/ImagesLeetSass/pos0278.png 194,212,271,276,1 323,208,377,266,1 457,217,507,258,1
F:/Temp/ImagesLeetSass/pos0279.png 126,192,190,252,1 220,212,266,263,1 324,246,379,285,1
F:/Temp/ImagesLeetSass/pos0281.png 273,252,323,323,1 366,267,409,329,1 461,291,516,346,1
F:/Temp/ImagesLeetSass/pos0282.png 321,300,378,383,1 420,297,480,375,1 539,308,588,392,1
F:/Temp/ImagesLeetSass/pos0283.png 313,303,379,389,1 420,296,476,374,1 537,297,582,371,1
F:/Temp/ImagesLeetSass/pos0284.png 187,261,252,336,1 282,271,324,336,1 392,296,441,345,1
F:/Temp/ImagesLeetSass/pos0285.png 170,229,214,300,1 233,243,274,316,1 311,279,363,364,1
F:/Temp/ImagesLeetSass/pos0286.png 297,212,333,282,1 344,239,375,305,1 395,286,441,370,1
F:/Temp/ImagesLeetSass/pos0287.png 298,221,329,288,1 336,249,370,311,1 383,298,426,380,1
F:/Temp/ImagesLeetSass/pos0288.png 103,305,164,362,1 277,250,307,312,1 308,283,340,334,1 346,331,390,403,1
F:/Temp/ImagesLeetSass/pos0289.png 258,188,299,253,1 419,182,449,255,1 437,212,466,279,1 453,258,495,353,1
F:/Temp/ImagesLeetSass/pos0290.png 363,267,392,331,1 525,304,575,417,1 530,278,554,310,1 515,265,537,338,1
F:/Temp/ImagesLeetSass/pos0291.png 341,207,368,273,1 457,196,508,320,1 485,197,518,288,1
F:/Temp/ImagesLeetSass/pos0292.png 423,200,452,270,1 486,186,547,336,1 554,187,599,292,1
F:/Temp/ImagesLeetSass/pos0293.png 400,288,435,377,1
F:/Temp/ImagesLeetSass/pos0294.png 624,293,687,401,1 703,295,757,402,1
F:/Temp/ImagesLeetSass/pos0295.png 327,307,387,425,1 394,308,431,412,1
F:/Temp/ImagesLeetSass/pos0296.png 426,272,474,418,1 465,275,502,394,1
F:/Temp/ImagesLeetSass/pos0297.png 481,250,534,377,1 499,248,569,415,1
F:/Temp/ImagesLeetSass/pos0298.png 439,251,518,394,1 507,250,603,443,1
F:/Temp/ImagesLeetSass/pos0299.png 467,240,545,381,1 560,237,644,394,1
F:/Temp/ImagesLeetSass/pos0300.png 707,264,789,411,1
F:/Temp/ImagesLeetSass/pos0302.png 426,294,441,338,1
F:/Temp/ImagesLeetSass/pos0303.png 445,292,466,348,1
F:/Temp/ImagesLeetSass/pos0304.png 466,292,486,342,1
F:/Temp/ImagesLeetSass/pos0305.png 456,296,472,336,1
F:/Temp/ImagesLeetSass/pos0306.png 430,292,445,329,1
F:/Temp/ImagesLeetSass/pos0308.png 408,295,430,333,1
F:/Temp/ImagesLeetSass/pos0309.png 378,290,397,335,1
F:/Temp/ImagesLeetSass/pos0310.png 537,229,604,342,1
F:/Temp/ImagesLeetSass/pos0311.png 493,231,565,351,1
F:/Temp/ImagesLeetSass/pos0312.png 602,213,760,437,1
F:/Temp/ImagesLeetSass/pos0313.png 385,196,479,401,1
F:/Temp/ImagesLeetSass/pos0314.png 423,225,470,328,1
F:/Temp/ImagesLeetSass/pos0315.png 437,233,468,306,1
F:/Temp/ImagesLeetSass/pos0316.png 453,261,476,315,1 104,241,235,444,1
F:/Temp/ImagesLeetSass/pos0317.png 344,267,412,395,1 459,274,476,320,1
F:/Temp/ImagesLeetSass/pos0318.png 408,270,455,368,1
F:/Temp/ImagesLeetSass/pos0319.png 355,275,388,357,1
F:/Temp/ImagesLeetSass/pos0321.png 399,290,420,348,1 424,294,434,327,1 434,296,445,327,1
F:/Temp/ImagesLeetSass/pos0322.png 366,292,395,358,1 348,296,357,327,1 358,295,368,327,1
F:/Temp/ImagesLeetSass/pos0323.png 395,288,439,372,1 340,293,348,333,1 327,297,341,332,1
F:/Temp/ImagesLeetSass/pos0324.png 320,280,374,410,1 141,290,162,345,1 159,288,178,341,1
F:/Temp/ImagesLeetSass/pos0325.png 391,267,518,500,1
F:/Temp/ImagesLeetSass/pos0326.png 407,247,492,472,1
F:/Temp/ImagesLeetSass/pos0327.png 433,268,501,479,1
F:/Temp/ImagesLeetSass/pos0328.png 342,262,452,475,1
F:/Temp/ImagesLeetSass/pos0329.png 19,245,248,591,1
F:/Temp/ImagesLeetSass/pos0330.png 429,258,536,536,1 708,279,737,362,1 744,281,771,353,1
F:/Temp/ImagesLeetSass/pos0331.png 437,258,524,460,1 394,279,409,330,1 408,278,425,330,1
F:/Temp/ImagesLeetSass/pos0332.png 356,276,374,343,1 369,279,387,335,1
F:/Temp/ImagesLeetSass/pos0333.png 387,286,416,374,1 406,289,426,360,1
F:/Temp/ImagesLeetSass/pos0334.png 340,292,370,384,1 353,292,395,405,1
F:/Temp/ImagesLeetSass/pos0335.png 366,275,445,437,1 324,278,382,406,1
F:/Temp/ImagesLeetSass/pos0336.png 227,264,316,440,1 323,262,424,440,1
F:/Temp/ImagesLeetSass/pos0337.png 324,279,398,467,1 404,279,464,435,1 513,287,533,338,1
F:/Temp/ImagesLeetSass/pos0338.png 382,250,451,450,1 305,267,324,317,1 414,251,459,396,1
F:/Temp/ImagesLeetSass/pos0339.png 294,248,375,416,1 356,248,462,461,1
F:/Temp/ImagesLeetSass/pos0340.png 382,275,485,488,1 512,274,612,476,1
F:/Temp/ImagesLeetSass/pos0341.png 293,249,399,514,1 380,258,434,438,1
F:/Temp/ImagesLeetSass/pos0342.png 593,205,608,222,1 673,260,781,447,1
F:/Temp/ImagesLeetSass/pos0343.png 387,301,404,339,1
F:/Temp/ImagesLeetSass/pos0344.png 379,301,395,339,1
F:/Temp/ImagesLeetSass/pos0345.png 350,301,369,344,1
F:/Temp/ImagesLeetSass/pos0346.png 331,300,354,348,1
F:/Temp/ImagesLeetSass/pos0347.png 324,292,355,354,1
F:/Temp/ImagesLeetSass/pos0348.png 312,292,350,379,1
F:/Temp/ImagesLeetSass/pos0349.png 359,281,401,387,1
F:/Temp/ImagesLeetSass/pos0350.png 383,256,420,343,1
F:/Temp/ImagesLeetSass/pos0351.png 374,260,406,322,1
F:/Temp/ImagesLeetSass/pos0352.png 377,263,400,313,1
F:/Temp/ImagesLeetSass/pos0355.png 540,272,576,354,1
F:/Temp/ImagesLeetSass/pos0356.png 346,296,383,392,1
F:/Temp/ImagesLeetSass/pos0357.png 357,271,409,386,1
F:/Temp/ImagesLeetSass/pos0358.png 559,228,660,370,1
F:/Temp/ImagesLeetSass/pos0359.png 440,237,537,417,1
F:/Temp/ImagesLeetSass/pos0361.png 317,238,417,471,1
F:/Temp/ImagesLeetSass/pos0362.png 458,231,549,410,1
F:/Temp/ImagesLeetSass/pos0363.png 378,244,458,402,1
F:/Temp/ImagesLeetSass/pos0364.png 358,237,432,412,1
F:/Temp/ImagesLeetSass/pos0365.png 288,251,461,626,1
F:/Temp/ImagesLeetSass/pos0366.png 273,213,479,629,1
F:/Temp/ImagesLeetSass/pos0367.png 360,243,430,400,1
F:/Temp/ImagesLeetSass/pos0368.png 453,240,512,379,1
F:/Temp/ImagesLeetSass/pos0369.png 378,255,483,507,1
F:/Temp/ImagesLeetSass/pos0370.png 371,237,529,497,1
F:/Temp/ImagesLeetSass/pos0371.png 404,264,541,583,1
F:/Temp/ImagesLeetSass/pos0372.png 391,219,541,559,1
F:/Temp/ImagesLeetSass/pos0373.png 366,231,501,554,1 749,254,789,334,1 788,257,808,330,1
F:/Temp/ImagesLeetSass/pos0374.png 335,136,810,629,1
F:/Temp/ImagesLeetSass/pos0375.png 363,271,470,544,1 414,275,474,465,1
F:/Temp/ImagesLeetSass/pos0376.png 454,208,613,564,1 599,224,708,505,1
F:/Temp/ImagesLeetSass/pos0377.png 304,214,455,556,1 496,221,616,508,1
F:/Temp/ImagesLeetSass/pos0378.png 332,217,418,421,1 402,214,533,488,1
F:/Temp/ImagesLeetSass/pos0379.png 401,196,526,583,1 504,192,599,450,1
F:/Temp/ImagesLeetSass/pos0380.png 453,227,576,496,1 614,211,808,604,1
F:/Temp/ImagesLeetSass/pos0381.png 373,218,499,547,1
F:/Temp/ImagesLeetSass/pos0382.png 194,217,346,603,1 415,228,513,530,1
F:/Temp/ImagesLeetSass/pos0383.png 313,171,518,587,1 244,186,374,455,1
F:/Temp/ImagesLeetSass/pos0384.png 199,196,321,496,1 332,200,434,425,1 505,216,527,273,1
F:/Temp/ImagesLeetSass/pos0385.png 15,191,139,446,1 156,196,287,395,1 458,215,481,270,1