evaluationImages/test0001.png 110,219,156,299,0 274,217,323,317,0 436,220,494,311,0 537,207,643,382,0
evaluationImages/test0002.png 268,202,322,320,0 356,191,442,386,0 563,202,628,335,0
evaluationImages/test0003.png 391,208,473,391,0 512,222,548,309,0 590,227,616,286,0 467,226,491,290,0 360,221,404,314,0
evaluationImages/test0004.png 239,217,305,343,0 313,208,348,280,0 399,211,440,303,0 452,243,551,469,0 424,204,450,257,0
evaluationImages/test0005.png 295,205,349,294,0 387,233,464,401,0 458,208,499,313,0 375,195,409,253,0 577,186,591,219,0
evaluationImages/test0006.png 308,189,366,285,0 462,194,486,246,0 365,176,457,359,0 624,175,699,329,0 425,193,447,225,0
evaluationImages/test0007.png 273,188,328,288,0 178,172,309,378,0 463,196,483,242,0 491,195,515,251,0 545,169,631,365,0
evaluationImages/test0008.png 155,176,260,355,0 391,189,445,287,0 442,142,579,475,0 777,185,808,275,0 749,189,785,258,0
evaluationImages/test0009.png 242,224,295,342,0 434,217,500,374,0
evaluationImages/test0010.png 115,204,173,324,0 377,208,419,310,0 440,196,505,370,0 664,204,746,344,0
evaluationImages/test0011.png 280,215,317,304,1 378,214,401,282,1 410,213,432,268,1 499,215,526,270,1 636,213,679,254,1
evaluationImages/test0012.png 176,217,224,310,1 254,196,283,263,1 369,196,396,263,1 7,272,49,391,1
evaluationImages/test0013.png 67,154,313,524,1 514,192,581,363,1 500,203,532,289,1 414,203,440,272,1 285,202,324,279,1
evaluationImages/test0014.png 51,171,210,381,1 329,191,366,256,1 432,189,470,262,1 477,177,545,350,1 568,189,599,264,1 632,187,674,291,1
evaluationImages/test0015.png 193,154,286,308,1 58,157,138,272,1 439,166,477,229,1 495,162,537,246,1 559,153,636,312,1 654,159,712,272,1
evaluationImages/test0016.png 106,169,155,257,1 130,163,201,293,1 405,158,495,333,1 607,163,683,300,1 497,169,538,258,1 476,169,506,235,1
evaluationImages/test0017.png 191,131,264,316,1 244,142,275,236,1 323,143,347,214,1 454,121,562,395,1 582,137,645,283,1 687,141,738,250,1
evaluationImages/test0018.png 101,120,200,307,1 353,128,399,233,1 495,132,533,216,1 617,92,810,473,1
evaluationImages/test0019.png 105,186,219,302,1 364,171,424,277,1 527,136,560,219,1 504,113,533,183,1 386,110,418,178,1 298,104,337,165,1
evaluationImages/test0020.png 67,73,343,462,1 320,104,366,192,1 458,95,491,174,1 552,69,633,269,1 555,83,588,187,1
evaluationImages/test0021.png 27,261,73,325,1 757,192,786,251,0
evaluationImages/test0022.png 662,236,683,281,1 685,233,708,283,1 255,260,346,380,0 78,206,192,420,0
evaluationImages/test0023.png 297,234,316,272,1 273,233,292,271,1 466,260,542,391,0 565,200,694,458,0
evaluationImages/test0024.png 65,234,136,369,1 130,275,164,339,1 48,285,85,347,1 145,236,194,349,1 612,256,634,291,0 632,243,651,288,0
evaluationImages/test0025.png 119,225,227,400,1 555,133,783,617,1 368,183,383,225,0
evaluationImages/test0026.png 77,255,113,314,1 533,250,595,350,0 608,254,637,315,0
evaluationImages/test0027.png 82,157,215,387,1 652,182,669,217,0 673,169,684,188,0
evaluationImages/test0028.png 345,190,357,216,1 582,179,739,449,0
evaluationImages/test0029.png 170,242,256,433,1 471,222,527,352,1 243,204,280,272,0
evaluationImages/test0030.png 708,183,758,300,1 511,189,542,271,1 88,150,218,422,0